1.19985
0.87736
0.923797
1.17214
0.904669
0.994857
1.17729
1.08621
1.01372
1.08458
1.09212
1.05498
0.935817
1.1094
1.00673
0.879691
0.991623
0.962933
0.900822
0.897527
0.816442
0.942236
0.890023
1.17042
1.02744
1.14904
1.05744
0.999524
1.02079
0.885268
0.928891
0.857972
0.832822
1.05125
1.07917
1.04737
1.07492
0.850005
1.06958
0.853714
0.863137
1.00082
0.89541
0.926107
0.842461
0.862653
1.01623
0.842062
0.92729
1.14603
0.902926
0.976621
0.868066
0.965742
1.06511
0.88055
0.979711
0.82413
0.934251
1.00212
0.885319
1.00378
1.08489
0.953725
0.876491
0.986336
1.04411
1.06175
1.06919
0.992653
0.845677
0.944085
0.84802
0.978239
0.991329
0.972273
1.09887
1.04298
1.18925
0.955285
1.12006
0.868097
1.08613
1.11962
0.962512
1.04205
0.946916
0.824549
1.03894
1.02311
0.999621
1.07857
0.869685
0.822597
0.934067
0.85983
0.908643
0.959007
0.979473
1.03432
1.05
0.97689
1.01918
1.076
1.04922
1.06469
0.848451
0.860395
0.829931
1.11568
0.861531
0.935856
0.884574
0.868701
1.05704
1.06448
0.888768
0.97817
1.18086
1.13574
0.863844
0.994675
0.956766
1.15002
0.883801
1.06248
1.04237
1.19098
0.979675
1.10953
1.19711
1.01423
0.913869
1.04801
1.02605
0.914925
0.889004
0.981376
0.871675
1.19816
0.859883
1.05246
0.815114
0.96212
1.11887
0.924237
1.03794
0.906489
0.969359
1.06179
1.12681
1.05165
0.841623
0.859475
0.992879
1.099
0.990406
1.17023
1.18944
0.942598
0.893399
0.945547
1.05317
1.06361
1.03785
0.850164
1.09453
1.08295
0.90829
0.916592
1.17902
0.973707
0.943134
0.800141
1.13604
0.802107
0.878571
0.806563
1.03664
1.08086
1.03921
1.18154
0.999007
1.01023
0.986851
1.07461
1.02745
1.06362
1.1755
0.81293
0.922873
1.13633
0.929913
0.937227
0.930502
1.16914
1.12723
1.08962
1.0131
0.968549
0.897207
0.839156
0.926483
0.810867
0.908331
0.960251
0.984552
0.956531
0.979494
0.858187
1.10981
0.878178
0.923764
0.881373
1.16658
1.06296
0.865057
0.913439
0.965413
0.954866
1.07952
0.922034
1.06751
1.00012
0.858411
0.87253
1.06313
1.07741
1.18883
1.06867
1.01961
1.06291
1.17622
1.03377
1.09614
1.15604
1.05509
1.05938
1.02684
1.17505
0.877366
0.942777
1.17444
0.854539
1.04112
1.17696
1.19184
0.836588
1.0008
1.06287
1.01827
1.02989
1.0668
0.987208
1.02548
0.837614
1.04777
0.961346
0.900548
0.801255
0.998514
0.888893
0.812192
1.15143
1.08408
0.980987
0.97174
1.09247
0.978656
0.88876
1.02647
0.864623
0.936605
0.995522
1.16815
1.16566
0.837981
1.03872
1.00505
1.04299
0.863743
1.05022
0.865251
1.05295
0.91735
0.959268
1.031
1.05892
1.01862
0.810719
0.886099
1.19508
1.02528
1.04759
1.03261
1.00522
0.94122
0.964474
1.14263
1.09654
1.03407
0.813497
0.806802
1.06928
0.917641
1.08336
1.19998
1.08828
0.99485
1.11716
1.04233
1.15094
0.829689
1.08425
0.957299
0.819788
1.09835
1.12275
0.946343
0.841839
0.901191
0.873021
0.966015
1.01082
1.11232
0.821822
0.858184
1.02581
1.12069
0.894177
0.90737
1.19827
0.914876
1.14623
1.1267
0.932546
0.818015
1.07218
0.88981
1.00307
0.811809
1.06001
1.11306
1.11055
0.993677
1.01285
1.10015
0.943059
1.06957
0.974556
1.11778
1.17136
1.0188
1.07367
0.958064
1.05133
0.824299
0.874275
1.14325
1.07775
1.17943
0.976089
0.864341
0.979199
0.988764
0.969104
0.921798
0.922283
1.17585
1.10938
1.18296
1.19984
1.17212
0.911099
0.803748
0.981055
1.06048
0.998795
0.811523
1.12045
0.854041
0.847076
1.1454
0.981473
1.15295
1.01852
1.09193
1.11386
1.01129
0.829014
0.828447
1.14944
0.870681
0.99406
0.834941
0.923261
1.16513
1.0025
1.02212
1.10794
1.05046
0.9335
0.825371
0.912387
1.07492
1.05938
1.03623
0.871256
1.10578
1.05734
1.12983
1.11185
0.836782
0.835657
1.14552
1.0914
0.836384
1.1289
1.09803
1.06437
0.905778
0.98684
1.16686
1.05722
0.986189
1.14434
1.02561
0.816355
1.09495
0.946483
1.03757
0.899222
1.04971
1.0245
1.10857
1.17977
0.966221
1.19806
1.08683
0.982321
0.964141
0.860594
1.01117
1.12111
1.15793
1.11793
0.981463
0.918067
1.05703
1.09476
1.05759
1.00135
1.12184
1.0422
0.985455
1.01885
0.953664
1.05415
1.15764
0.921376
0.859643
1.18175
1.06891
0.980649
1.04493
0.954554
0.907168
0.930256
1.07362
0.825205
0.997442
0.841563
0.859994
1.19614
0.949885
1.094
1.15167
0.964254
1.1145
0.947722
0.917716
0.954257
1.08923
1.03016
0.996379
1.06027
0.940362
1.12968
1.1207
0.875985
0.938253
1.17362
0.848094
0.904425
1.13251
0.951486
1.19162
0.817296
1.11917
1.00575
0.996375
1.18061
1.17864
1.06327
1.13258
0.984868
0.941826
0.830986
0.983638
0.899149
0.946529
1.01712
0.936532
1.14664
0.996593
0.914084
1.18321
1.15467
0.902771
0.940195
0.925298
0.868823
0.849871
0.889299
0.933195
1.13715
0.962528
1.1032
0.892667
1.19251
1.14215
0.854629
0.9496
1.01911
1.06647
1.04973
0.95271
0.84044
0.892669
1.07605
1.08623
1.09506
0.909923
1.05832
1.14397
0.954028
1.01081
1.00097
0.935423
1.04225
0.810933
1.0613
0.975922
0.905121
1.19313
0.932542
0.998165
1.08783
1.14613
0.824104
0.975144
0.902872
0.994548
0.878076
0.845538
0.960127
0.813026
0.940877
1.01069
0.992018
1.13979
0.984756
0.999077
0.96428
1.14359
1.08313
0.854207
0.964884
1.12491
1.11817
1.16697
0.909979
1.04827
0.997719
0.837881
1.09988
0.8225
1.07025
1.16885
1.07004
1.09857
0.889462
0.80387
1.12508
1.15871
0.908649
0.888407
1.08276
0.878025
1.1946
1.19054
1.05446
0.810327
1.09199
0.95076
1.00309
1.08418
1.0233
0.926161
0.970811
1.18958
0.953688
1.00612
1.12559
1.18275
0.91499
0.992575
0.978514
0.958427
0.893562
1.01742
0.913733
1.01717
1.13674
0.908324
0.874955
0.899501
0.857474
1.08798
0.875446
0.991905
1.01553
1.14044
0.809451
1.01472
0.936674
1.10325
1.13728
1.08403
0.8467
0.930665
1.04736
1.02455
1.07452
1.0499
0.904217
1.18462
1.18174
0.927196
0.882433
0.934824
1.19152
1.02346
1.1257
0.869636
0.986279
1.03714
0.886009
0.945534
1.03663
1.1231
0.88684
0.816411
0.932839
0.86142
0.919279
1.13834
0.955313
1.1472
0.96838
1.14171
1.05119
0.906708
1.00986
0.927871
0.847611
1.16595
0.859847
0.947973
0.834808
1.04916
1.0671
0.942731
0.956622
0.935185
1.01327
0.849559
0.996753
0.94052
1.07339
1.14163
0.963172
1.1298
0.987595
1.00926
0.99771
0.918308
1.02853
0.830105
1.17824
1.09651
0.822807
0.999464
0.827609
1.02111
1.17876
1.0413
1.0098
1.0692
0.886829
1.01851
1.05764
0.873128
1.17291
0.887095
1.02764
1.12845
0.85329
1.06113
1.10609
1.05463
0.805208
0.894816
1.04712
0.820535
1.06179
1.06186
1.05963
0.964326
1.05603
1.04605
1.17966
1.19593
0.8499
0.835225
0.97461
1.17206
1.07288
0.988637
0.823878
1.08782
1.06203
0.896641
0.965082
1.17537
0.815694
1.16654
1.12673
1.05645
1.13563
1.05275
0.98383
0.932055
0.948805
0.922701
0.906349
0.814698
1.05264
1.07423
1.04134
0.861487
0.983825
1.16012
0.859481
0.966929
0.915512
1.09938
1.05826
0.814585
0.997033
1.15672
1.07131
1.04423
1.02689
1.04457
1.08102
1.04885
0.987572
1.03937
0.91333
1.11111
0.903643
0.983031
1.13837
0.89344
1.00812
0.861956
1.02726
0.916109
0.895406
1.01811
1.1286
1.00465
1.01997
1.05765
1.19942
0.883646
0.857677
0.835481
1.04231
0.935401
1.14523
1.11023
0.975956
1.00845
0.983785
1.04513
1.02284
1.17799
1.15348
1.07017
0.957596
1.06398
0.891588
1.04045
0.970365
1.11711
1.09046
1.07097
0.953129
1.11557
1.08895
0.825853
1.00978
1.04023
0.919482
1.10799
0.906016
1.15152
0.914955
0.888901
0.806884
1.12945
1.04172
1.13049
0.867799
1.1377
1.07307
0.846842
0.811385
1.10085
0.81631
1.00158
0.841735
1.09731
1.13765
1.1409
1.14244
1.13759
0.985861
1.15085
1.01641
0.829435
1.03133
1.02193
1.09833
0.928542
0.82186
0.965108
0.92367
1.11032
1.00245
1.06555
0.998174
0.984428
0.973045
0.821044
0.846178
0.963456
0.865777
1.18303
1.1123
0.939528
1.1796
0.850324
0.851519
0.932791
0.942287
1.13138
1.00785
1.03979
1.18985
1.10666
0.891874
0.985168
1.02435
0.898197
1.06493
0.922317
0.88424
0.964737
0.877339
1.10869
0.842681
1.04777
0.904363
1.0275
1.13408
1.16508
1.11622
0.993356
1.04711
0.884955
0.989454
0.933521
1.0586
1.07803
1.02569
1.00954
1.11133
1.19273
0.938773
1.03662
1.09198
1.1041
0.836202
1.01729
0.80518
1.10162
1.06587
1.18041
1.00563
0.950622
0.993954
0.975971
1.19793
1.0348
1.10177
1.18402
0.995843
0.847889
1.18866
0.859496
1.04496
0.890062
0.897485
0.808075
0.953965
0.944573
1.07783
0.954268
0.811536
0.864193
1.0298
1.08221
1.1338
0.866471
0.827675
0.967766
0.908487
0.990568
1.13749
0.984487
0.83699
0.935249
0.997544
1.08524
1.06795
1.19056
0.937297
1.10932
0.828191
1.08691
0.931419
0.847044
1.16594
1.08717
0.850219
1.07728
0.896575
1.18016
1.08805
1.08445
1.00345
0.844376
1.05192
0.842083
1.07973
1.01117
1.08809
1.13279
0.818706
0.847063
1.05378
1.17833
0.99557
1.1322
0.843216
1.07663
1.1284
1.1152
1.0758
0.968459
1.04718
1.00816
0.955849
0.949297
1.03372
0.849056
0.921486
